country,NY.GDP.MKTP.KD.ZG,NY.GDP.MKTP.CD,NE.EXP.GNFS.ZS,NE.IMP.GNFS.ZS,GC.XPN.TOTL.GD.ZS,FP.CPI.TOTL.ZG,SE.XPD.TOTL.GD.ZS,GB.XPD.RSDV.GD.ZS
Angola,-0.624644317706895,89417190341.2533,39.3438256954007,24.9447530291035,15.5130416108379,17.0812152138993,1.82117998600006,
Albania,2.11341998165848,15400242874.8812,31.3074978320996,44.9795617383162,23.1530416514702,1.41109078954248,3.94576001167297,
United Arab Emirates,3.41153868634566,417215559513.364,96.8435334637251,70.8506191914014,4.26722708833685,-1.93108114782171,3.10269999504089,
Argentina,-2.0259342366392,451932356085.842,17.6959440658721,14.518503119375,21.7900494664787,,4.80237007141113,
Armenia,7.59999999853918,13619291361.2814,41.3508013620849,54.7633527667858,21.7584805720085,1.44344660770702,2.56185007095337,
Australia,2.11314942462376,1391952510370.48,24.1697272878614,21.6753124505454,26.1900455650623,1.61076787290379,,
Austria,1.49121084953705,445011872704.47,55.4422065446306,52.0360207601889,43.4977649092795,1.53089564152645,,3.2105
Azerbaijan,2.4999999999999,48174235294.1176,49.0506275016423,36.7675179068137,24.2843379790515,2.61057182799216,2.68108010292053,
Burundi,1.84247667669987,2631434363.22693,9.13119156890157,32.7261686707375,,-0.686772170797229,,
Belgium,2.14955968072559,535288715239.999,82.1875783601622,81.5322756554439,39.4469892653244,1.43681956996435,,
Benin,6.86568733550151,14391686632.7821,29.6305271935478,34.0508051206822,,-0.70502663454275,2.96519994735718,
Burkina Faso,5.68811514943657,16178162030.0694,27.6161121175574,31.0480551212534,18.0537594444895,-3.23338933983321,5.78548002243042,
Bangladesh,8.1526841493979,302571320445.75,15.3232474432667,21.4360523057267,,5.59199639930633,1.32632005214691,
Bulgaria,4.03759208211947,68915416141.9576,63.9343433467531,60.706086765961,33.5099748800683,3.10372944796774,,
Bahrain,2.14137678356339,38652579787.234,76.4874217060461,65.2161198675875,,1.00582004702132,,
"Bahamas, The",0.702459096698348,13164400000.0,35.0331196256571,36.3100483121145,18.6319695542524,2.49123527368055,2.39893007278442,
Bosnia and Herzegovina,2.83100260259697,20201323260.0733,40.4756845881281,55.1954656184951,34.5240624043267,0.562782154061303,,
Belarus,1.40000000000001,64409647193.8044,65.0945839929757,65.7558221092078,28.5883479992147,5.59815595039852,4.97947978973389,
Bolivia,2.21670577750376,40895322843.7851,24.9672623591599,31.430044308058,,1.83954504969032,,
Brazil,1.41115298506995,1877824273720.78,14.1053621286953,14.3505751865419,34.735073371303,3.73297621216894,,
Bhutan,5.75516999517272,2535657068.96575,33.9390638145452,48.189541667298,,2.72706302488699,,
Botswana,2.99273763533627,16593720655.6402,37.3831524357857,46.3714783247908,29.0298843859774,2.7728644286333,6.91437005996704,
Central African Republic,3.0,2220307368.69593,16.4131499973129,35.7884500007215,,2.68537355266785,1.76871001720428,
Canada,1.87959202770178,1742015045482.31,31.9085326228511,33.5038294565728,18.1055287644064,1.94926902411596,,1.54266
Switzerland,1.21099220711962,731767398052.879,65.5317042793177,53.6838321729571,16.593463768702,0.362886179940635,,
Chile,0.942005306544473,279385487344.492,28.023111588388,28.851351416553,23.0856201014226,2.55754475703323,,
China,5.94971423273162,14279937467431.0,18.4099923582526,17.4801037593744,,2.89923416358227,,
Cote d'Ivoire,6.23170951305083,58539424929.7248,23.7762775609114,22.6246368942578,14.0562413476335,-1.10686343994202,3.70040011405945,
Cameroon,3.47505997865608,39670977332.7348,19.8500907473186,23.528422500723,,2.45280214062733,3.10050010681152,
"Congo, Dem. Rep.",4.38452888103882,50400747050.496,26.4589462102433,30.1612145066355,,,,
"Congo, Rep.",-0.0868859566422202,12750339022.9512,73.7922877466997,53.1633228753229,,2.20607305781522,3.89800000190735,
Colombia,3.28111680452643,323429888934.257,15.852321935617,21.6690116754106,30.9007298826854,3.52549273618952,4.5062198638916,
Comoros,1.75532827980625,1192559739.37288,12.7994260483966,29.504127185233,,,,
Cabo Verde,5.66775246034304,1981845740.70615,50.6492920155385,65.2578635749076,,1.10750930553813,4.73345994949341,
Costa Rica,2.25631507916432,64072870931.603,34.0047994142371,32.1321271369498,29.7977202986629,2.09604635327805,6.80879020690918,
Cyprus,5.28318739627791,25758357774.5438,75.5938487630194,75.3804670772515,37.2499868643731,0.250370996758456,,
Czech Republic,3.02947825716996,252498032247.163,73.8944533212857,67.904726969778,32.5416538004279,2.84787595918047,,
Germany,1.05550824713283,3888326788627.44,46.6242388472224,40.9754271812515,28.3279254898009,1.4456670146976,,
Denmark,2.11466420842453,347561349210.979,58.9993349662817,51.6074689408629,35.9445190762094,0.758131572511619,,
Dominican Republic,5.05216802016253,88941299733.5018,23.0692820412923,27.9418628796634,15.8640481695949,1.8106037704296,4.04276990890503,
Algeria,0.999999999999915,171767403748.19,22.7134619101122,29.1282527955386,,1.95176821052894,6.10035991668701,
Ecuador,0.0121051028476558,108108009000.0,23.0483673045907,23.0284538863351,,0.266012515466136,4.22565984725952,
"Egypt, Arab Rep.",5.55768388791593,303080865603.645,17.5006106612052,25.7398395370249,,9.15279959324812,,
Spain,2.08519142117105,1393046093137.25,34.954655951783,32.0246710195881,32.2606931190357,0.699536241717015,,
Estonia,4.09634264397782,31045591753.4901,74.0465861275791,69.8905247276731,36.0774389709613,2.27725931243518,,
Ethiopia,8.3640856990789,95912590628.1412,7.9399766087609,20.8753243982814,9.70541337731808,15.840322039584,,
Finland,1.22075414302529,268508200125.49,39.8816770341711,39.725747544319,37.0857862348448,1.02409392963429,,
France,1.84297181445896,2728870246705.88,31.5920554143668,32.549417775836,46.2617660150105,1.10825492288292,,
Gabon,3.92080879452831,16874405839.7948,51.4310732271996,21.9970162214648,13.5418676122117,2.46456756151187,2.76782989501953,
United Kingdom,1.67194419724758,2878673912414.44,31.0049780892243,31.9222909053986,36.2056114465457,1.73810460086511,,
Georgia,4.98235047511106,17477255562.2583,54.8184931411381,63.7808751662009,24.5976592948629,4.85289821696731,3.80864000320435,
Ghana,6.5077747939152,68337537815.7703,37.4495994213844,39.3752024057911,17.5109448878289,7.14364003330856,,
Guinea,5.64617556842045,13513809258.2131,29.960904801041,42.2859891512894,,9.47077937313535,1.84836995601654,
"Gambia, The",6.15363194960554,1812529104.61923,18.8517184647864,34.447972394031,,7.11567625631191,2.87529993057251,
Guinea-Bissau,4.49999999151316,1439638443.38133,20.2879496621221,35.0846359217546,14.6465665244015,0.246600268147853,2.94781994819641,
Greece,1.80359525615141,205144152830.847,40.13215610917,41.8586794797791,46.6962143237002,0.252978044454509,,
Guatemala,3.866856574905,77020015201.3201,17.649123759796,27.9473985651527,12.5985296832877,3.69998398008601,3.19928002357483,
Guyana,5.35262742597216,5173760191.84652,,,,2.0872308916202,,
"Hong Kong SAR, China",-1.6797561695559,363016373358.517,177.673875748798,176.120806029755,,2.8832085377399,3.81060004234314,
Honduras,2.65306625480355,24915522849.1544,39.9185126725089,58.1090770358375,,4.36587159819272,4.91284990310669,
Croatia,3.48194560339674,62246206340.5469,50.7474737516561,51.0561687422289,37.6093861413903,0.771820346498083,,
Haiti,-1.68459508133022,14785839382.9002,11.714118839635,37.4478782047047,,18.7037825672506,,
Hungary,4.55406307213036,163526491433.29,81.7759334458363,79.4602867499491,39.0894179582379,3.3385863538201,,
India,4.0415541865323,2870504096717.77,18.4293865079984,20.9573845344703,,3.7232764833053,,
Ireland,4.91700697830244,399122063504.148,127.927930234974,124.407131824676,22.1591594221489,0.939044481054341,,
Iceland,2.43482300037417,24857740445.0401,44.3109156002572,39.7799498374093,30.8502116304491,3.01397179156056,,
Israel,3.77358980957163,397934596952.56,29.5134384738678,27.3219236987126,36.2925314433868,0.844128708733833,,
Italy,0.410278293983012,2009383867307.45,31.6325845578021,28.3202805851065,42.3825956027709,0.611246943765291,,
Jamaica,0.892291653822227,15830768549.8916,38.0360807474106,52.0745268861888,25.7899378239332,3.90510000865876,5.16364002227783,
Jordan,1.95546635784412,44502895915.493,36.3350305916633,49.353015517164,26.2483314070516,0.761514047265513,2.98847007751465,
Japan,0.270304645083556,5148781948478.17,17.3649261403218,17.3960521463047,,0.468776159383912,,
Kazakhstan,4.50000000008481,181667190075.541,36.4389870990994,28.419629452657,16.0642125509365,5.24547679608388,2.8569700717926,
Kenya,4.98113262830462,100555485831.944,11.4080203953839,20.2959313955014,18.7654601613456,5.23585999425422,4.97439002990723,
Kyrgyz Republic,4.60062566646762,8871026074.19762,35.2341542041409,64.1389223468094,24.5212902479669,1.13362257718798,5.36674976348877,
Cambodia,7.05410693233065,27089389786.979,61.0912965228197,62.4652272455104,15.7826038910099,1.94257500833109,,
Kuwait,0.427463940207701,136196760210.804,53.2934327816685,44.8895114553761,,1.09184802655847,6.49243021011353,
Lao PDR,5.4577350924848,18897252232.5826,,,,3.32255881256934,,
Lebanon,-7.15724706998392,51953744507.4091,20.379605100213,40.7130362625274,28.9921721762198,3.0053894939038,2.59202003479004,
Liberia,-2.46729763532686,3319596500.0,,,,,2.27039003372192,
Libya,2.53595347758677,52091152228.3425,53.5235537068876,47.0412476442006,,,,
Sri Lanka,2.25517652855038,83990946939.4651,23.1289380030783,29.253047362464,16.8871843654917,3.52839358231809,,
Lesotho,-0.381431981522567,2366213068.57507,46.2422583456194,94.7396458597018,39.652602758087,5.18708359197993,7.80014991760254,
Lithuania,4.57377173669815,54697379017.3332,77.3147779558153,72.0538961728715,32.675003023954,2.33450937988024,,
Luxembourg,3.28380675586517,70195715495.5136,205.482077538516,174.622129572699,39.2511814924705,1.74332075653843,,
Latvia,2.48432635462976,34308783825.3019,59.8369731520854,60.542116998402,43.567529899478,2.81140920075622,,
Morocco,2.60793549462446,119870439113.662,39.3169362407899,47.9085813224428,25.1533085358681,0.303386036590361,,
Moldova,3.68340426071718,11970233939.8808,30.5647280189614,55.3376498276539,27.7178915002411,4.83778351428719,6.10457992553711,
Madagascar,4.41123213007131,14104664514.87,28.4244012428305,34.1769218028975,10.132873075757,5.61051441492366,2.94490003585815,
Mexico,-0.176599456271802,1269433932805.91,38.8162189473493,39.0666401495578,20.3141626375152,3.6359614212705,,
North Macedonia,3.91041953840173,12606338448.547,62.4080567878813,76.1681750526576,29.6872350269893,0.766439573459688,,
Mali,4.75616080770808,17280251193.9527,25.705291132007,37.9534116321585,12.8579610980294,-1.65826694846368,3.43867993354797,
Malta,5.53956633683224,15215714309.0974,143.107347418752,128.328328250231,34.2939393599965,1.64206001768947,,
Myanmar,6.7504601462238,68697761477.1818,30.3897507155071,30.2992385010295,14.7406867959115,8.82506696804562,1.97421002388,
Mongolia,5.60224421870959,14206359006.8095,59.2172331810747,65.1792814417403,,7.30481597480148,4.94088983535767,
Mozambique,2.31460601020051,15384701797.9863,40.7627342111071,75.077972373091,20.2030853392387,2.78110631182942,6.22999000549316,
Mauritania,5.75993058973705,7889662452.16785,39.1847599060827,50.0009805752887,,2.30009262117938,1.89373004436493,
Mauritius,3.01237590269628,14045808843.221,38.4703384217688,53.6690121905695,23.4771282659648,0.405655190309511,4.71929979324341,
Malawi,5.44818133617287,11025357837.607,,,14.7755277844263,9.37083605605672,3.71131992340088,
Malaysia,4.43947128759625,365276282438.141,65.2596525013597,57.7347889214404,17.3526506251883,0.662891865764376,4.16339015960693,
Namibia,-0.888099159557285,12496781719.7752,36.4402670799754,47.0345956737866,24.6401959487911,3.72239414422688,9.48040962219238,
Niger,5.94139686297071,12916455161.1081,11.4217334486184,26.2926320834357,,-2.48979265070851,3.52316999435425,
Nigeria,2.2084292771582,448120428858.769,14.2209267912443,19.8029510404665,,11.3967949687168,,
Nicaragua,-3.67479457842713,12611218627.0632,45.0408781316958,49.5258615530099,16.566351017277,5.3762899084413,3.44283008575439,
Netherlands,1.95558841574046,910194347568.626,82.5377127008628,72.7329639446286,37.3145728148772,2.63369910249593,,
Norway,0.745798219243483,404941363636.364,36.2631065552701,34.7812983024478,39.0603970720789,2.16773003305405,,
Nepal,6.65705542802834,34186180694.9285,7.77993647454519,41.469590113087,21.7018652754745,5.56868547784925,,
New Zealand,1.63393261347822,212891048340.608,26.9868974011425,27.1048022231712,30.0799834128649,1.61963190184049,,
Oman,-1.12920645748066,88060858257.4772,49.492016987897,36.984116670703,,0.133795057453182,5.41320991516113,
Pakistan,1.14474960525021,279056608888.638,10.0887501814304,20.2584125413089,,10.5783618004555,2.50755000114441,
Panama,2.97971546082071,66984427150.321,41.2079933594545,43.7743467260488,,-0.355083821021212,3.12736010551453,
Peru,2.2039747486556,228470919605.669,23.8959652500538,22.8933107402725,20.4791323716444,2.25212191358024,3.81996011734009,
Philippines,6.11852566256255,376823278560.849,28.382920012841,40.4589222467353,14.8359837064605,2.48027858716509,3.23436999320984,
Papua New Guinea,4.48043060824274,24751344552.2057,,,19.1428659595599,3.92867290939598,,
Poland,4.74495015589534,597280564671.563,55.3958465881068,50.6394778647645,34.0751064342868,2.227478809383,,
"Korea, Dem. People's Rep.",,,,,,,,
Portugal,2.68275992118076,239986922638.902,43.5084218458323,43.0562955633461,38.4965650318121,0.338178410046125,,
Paraguay,-0.40185510068001,37906944074.6128,36.1999981632141,35.1622687171292,16.8976693534164,2.7570972756279,3.46971011161804,
Qatar,0.688240959581606,176371267689.082,52.1888599272409,37.857515622945,,-0.666641124861102,2.81228995323181,
Romania,4.18826034117856,249881592298.072,40.3832221627516,44.504572920259,33.7673984572981,3.82785432599428,,
Russian Federation,2.03298273919678,1687448525466.61,28.5363983565997,20.9079812964948,29.7134548520414,4.47036660760175,,
Rwanda,9.46068248236998,10355974217.3735,21.8087664663253,36.1225851250402,19.3311611320605,3.3478765503764,3.35545992851257,
Saudi Arabia,0.331435728597114,792966838160.0,36.0494170538047,27.6103408916019,29.9407155404763,-2.09333333333333,,
Senegal,4.40240683638351,23306213742.3602,24.3102656999259,38.5205318905014,,1.75856517595659,5.28719997406006,
Singapore,1.34521748573569,374386306993.109,175.892268009143,147.625337306148,14.2374316186574,0.565260568780358,2.63196992874146,
Sierra Leone,5.25424120251536,4076578542.56207,18.2469360788965,37.9437143259918,,14.8030585681759,7.36542987823486,
El Salvador,2.38258139815673,26896660000.0,29.6758407921281,46.3009905319099,24.7450798723708,0.0753241350024327,3.38515996932983,
South Sudan,,,,,,87.2413641500032,,
Suriname,1.09846777827852,3984483762.37123,,,,,7.23706007003784,
Slovak Republic,2.60536932770232,105284375640.698,92.2647855909969,91.8659074985651,40.1062710157904,2.66456133425443,,
Slovenia,3.25053133558204,54178877605.9999,83.9634681741247,75.3128544598232,37.5477958675079,1.63052260754338,,
Sweden,1.98619587380391,533879529188.454,47.8092109523511,43.6246180157354,31.1885510570203,1.78415097403832,,
Eswatini,2.61303529001997,4495679480.96886,45.6493619090815,42.9656830764011,,2.59801620311075,5.64554977416992,
Chad,3.24718191743429,11314951342.7807,36.7422534363826,37.8282721194732,,-0.971939175419353,2.37245988845825,
Togo,5.45992144835783,7220395247.7424,23.0615819514862,31.310487697816,12.973912908984,0.685897590895539,4.96937990188599,
Thailand,2.26643367175595,544263840039.166,59.4875005370431,50.1441642562359,17.9272525607842,0.70672860131428,2.96898007392883,
Tajikistan,7.39999963813631,8300784856.87904,14.9799392742745,41.0650766403151,,,5.71290016174316,
Trinidad and Tobago,-1.24642733552926,23208326547.5327,,,,1.00054293027224,3.56123995780945,
Tunisia,1.40197667646078,41804581484.3655,,,,6.72007532863804,,
Turkey,0.889585160591679,761004425605.414,32.5973545785751,30.0145261452933,35.5522267590808,15.1768215720023,,
Tanzania,5.79999997709915,61136873692.3985,16.0078638814482,16.9512587099283,,3.46428057999023,3.53498005867004,
Uganda,6.43874503365606,35353060634.2022,17.1090580169176,22.2519959479886,13.5150737618001,2.86909425020554,2.64981007575989,
Ukraine,3.19950386231294,153882982016.281,41.2316912560049,49.2795430350714,33.057438930624,7.8867174561113,5.43965005874634,
Uruguay,0.350447153086122,61231149880.5857,27.750190305701,21.8568532740366,32.5864683909811,7.88198870879622,4.68332004547119,
United States,2.16117651518969,21433224697000.0,11.7561731173036,14.5381296750747,22.658365078773,1.81221007526015,,
Vietnam,7.0174348821878,261921244843.172,106.795549966641,104.704267502884,,2.79582367452244,4.06197023391724,
"Yemen, Rep.",,,,,,,,
South Africa,0.113053696742199,387934574098.17,27.3421804922648,26.8080657584028,34.5203279800452,4.12435072486239,6.50505018234253,
Zambia,1.44130602603785,23308667781.2258,34.6361926031881,34.1550123329079,21.9561627239835,9.15031644316299,4.46517992019653,
Zimbabwe,-6.14423631439116,19284289739.0517,31.2510404125177,32.0308747656067,,255.304990757856,,
